21
22
25
26
80
81
82
83
84
85
88
110
111
123
135
137
138
139
143
389
443
444
445
465
554
587
666
777
800
801
873
880
888
993
994
995
999
1000
1024
1080
1099
1234
1433
1434
1443
1515
1521
1883
1988
2000
2049
2080
2081
2082
2083
2086
2087
2096
2181
2222
2323
2375
2376
2379
2380
2525
3000
3001
3002
3003
3050
3306
3307
3333
3389
3390
3446
3542
3689
4000
4007
4040
4430
4433
4443
4444
4848
5000
5001
5002
5003
5005
5006
5007
5050
5060
5222
5357
5432
5555
5601
5671
5672
5673
5678
5801
5985
5986
6000
6060
6066
6080
6379
6380
6443
6446
6588
6665
6666
6699
6780
6868
7000
7001
7002
7003
7005
7010
7019
7070
7071
7080
7180
7443
7547
7776
7777
8000
8001
8002
8003
8005
8006
8008
8009
8010
8020
8025
8030
8031
8032
8060
8069
8080
8081
8082
8083
8084
8085
8086
8087
8088
8089
8090
8091
8092
8098
8099
8100
8123
8150
8161
8162
8166
8180
8181
8191
8288
8443
8480
8500
8686
8765
8800
8848
8880
8883
8887
8888
8889
8890
8899
8983
8989
8999
9000
9001
9002
9003
9080
9083
9090
9091
9099
9100
9109
9171
9172
9191
9200
9201
9202
9300
9301
9302
9443
9527
9529
9864
9870
9876
9944
9998
9999
10000
10001
10030
10250
10255
10256
10443
11211
12300
12345
12578
13000
14000
15000
15001
15002
16030
18001
18080
18081
20000
20121
20880
22222
25672
27017
30000
30001
30002
30003
30005
30017
30080
33890
40001
50050
50060
50070
50075
50090
55555
